27 29 32 33 36 37 40 37, SAFE

61 62 63 66 66, SAFE

53 54 57 60 61 62 63 67, SAFE

5 7 10 12 14 16 18 23, SAFE

71 74 77 80 83 80 83, NOT safe

22 25 28 30 33 30 32 29, NOT safe

44 47 49 48 48, NOT safe

3 6 8 10 13 14 11 15, SAFE

19 20 18 21 27, NOT safe

64 66 69 69 72, SAFE

40 41 44 45 45 42, NOT safe

67 70 70 72 72, NOT safe

38 39 42 44 44 48, NOT safe

10 12 14 16 19 19 26, NOT safe

6 7 11 12 14 15, NOT safe

14 15 16 18 19 23 21, SAFE

6 7 11 14 14, NOT safe

1 2 5 7 11 13 17, NOT safe

4 5 6 9 13 19, NOT safe

52 54 60 62 63 66, NOT safe

65 67 69 71 76 77 75, NOT safe

70 71 73 80 81 81, NOT safe

64 65 70 73 75 79, NOT safe

59 62 64 67 74 81, NOT safe

67 65 68 71 72 73 74, SAFE

65 64 66 69 67, NOT safe

24 21 22 24 27 29 29, NOT safe

32 29 32 35 37 38 40 44, NOT safe

79 76 77 80 87, NOT safe

51 48 46 47 50, NOT safe

33 32 34 33 35 32, NOT safe

99 96 98 97 97, NOT safe

41 40 42 45 44 48, NOT safe

83 80 82 81 88, NOT safe

42 41 41 42 43 44, NOT safe

15 12 12 13 15 12, NOT safe

95 92 94 94 94, NOT safe

54 51 53 53 55 57 61, NOT safe

87 86 89 91 91 98, NOT safe

10 9 13 14 17 20, SAFE

39 37 41 43 44 42, NOT safe

31 30 31 35 37 40 41 41, NOT safe

31 28 31 34 38 42, NOT safe

28 26 30 32 39, NOT safe

27 24 25 32 33 36, NOT safe

72 69 74 75 76 78 77, NOT safe

34 33 35 38 41 42 48 48, NOT safe

69 68 70 77 78 80 84, NOT safe

16 15 16 22 24 27 28 33, NOT safe

39 39 40 41 42 45, SAFE

61 61 63 65 68 70 73 71, NOT safe

93 93 95 98 98, NOT safe

54 54 55 56 60, NOT safe

34 34 35 38 45, NOT safe

53 53 56 53 55, NOT safe

69 69 68 69 72 71, NOT safe

30 30 31 30 30, NOT safe

66 66 64 67 71, NOT safe

6 6 7 5 10, NOT safe

11 11 12 15 15 18 19, NOT safe

56 56 59 59 58, NOT safe

51 51 53 54 54 55 56 56, NOT safe

70 70 70 71 73 74 78, NOT safe

11 11 11 12 19, NOT safe

48 48 52 54 56 59 62 64, NOT safe

33 33 36 40 42 40, NOT safe

78 78 80 84 87 88 88, NOT safe

61 61 62 64 68 72, NOT safe

27 27 30 33 35 39 40 45, NOT safe

37 37 44 47 48 49 50, NOT safe

2 2 9 10 11 8, NOT safe

29 29 36 38 40 40, NOT safe

16 16 17 18 23 27, NOT safe

56 56 63 64 66 72, NOT safe

16 20 22 24 27 30 31 32, SAFE

2 6 9 12 13 15 18 16, NOT safe

64 68 70 72 75 76 77 77, NOT safe

35 39 41 42 44 45 49, NOT safe

29 33 35 38 40 46, NOT safe

77 81 82 84 82 84, NOT safe

67 71 72 73 76 75 72, NOT safe

45 49 50 47 50 50, NOT safe

50 54 53 56 60, NOT safe

30 34 31 32 35 42, NOT safe

70 74 76 78 78 81, NOT safe

87 91 91 93 90, NOT safe

4 8 11 14 17 17 18 18, NOT safe

9 13 14 15 18 20 20 24, NOT safe

48 52 53 54 56 56 57 62, NOT safe

21 25 27 31 34 36 39, NOT safe

3 7 11 13 12, NOT safe

26 30 33 37 37, NOT safe

4 8 12 13 14 17 21, NOT safe

64 68 69 71 75 76 77 84, NOT safe

17 21 28 29 30, NOT safe

82 86 88 94 92, NOT safe

40 44 47 48 54 56 59 59, NOT safe

36 40 41 48 51 55, NOT safe

36 40 43 44 47 54 56 61, NOT safe

21 28 30 33 35 36, SAFE

29 35 37 38 40 41 44 43, NOT safe

3 9 10 11 14 15 16 16, NOT safe

36 41 43 44 47 51, NOT safe

61 66 69 71 76, NOT safe

54 59 62 61 63, NOT safe

19 25 28 31 34 31 29, NOT safe

45 50 52 55 52 52, NOT safe

72 77 80 79 83, NOT safe

69 74 76 73 80, NOT safe

17 24 24 27 28, NOT safe

39 44 44 46 44, NOT safe

67 74 76 77 79 80 80 80, NOT safe

59 66 68 68 71 73 77, NOT safe

2 7 10 12 13 13 15 20, NOT safe

17 24 25 26 30 31 32, NOT safe

4 9 11 14 15 19 16, NOT safe

67 72 75 78 82 84 84, NOT safe

70 76 79 82 84 88 92, NOT safe

63 70 73 77 78 79 86, NOT safe

39 45 47 50 53 59 61, NOT safe

8 14 20 23 24 25 22, NOT safe

54 61 67 70 70, NOT safe

27 34 36 37 44 45 49, NOT safe

22 29 36 39 40 43 48, NOT safe

58 56 55 54 52 51 50 51, SAFE

18 17 16 13 11 8 8, SAFE

57 55 52 49 48 45 41, SAFE

32 30 29 26 20, SAFE

11 8 7 4 5 2, SAFE

30 28 30 28 27 25 28, NOT safe

99 97 94 96 96, NOT safe

15 13 15 13 9, NOT safe

29 28 30 28 26 23 21 16, NOT safe

34 31 29 27 27 24, SAFE

74 73 72 72 74, NOT safe

19 18 15 15 13 11 11, NOT safe

56 54 54 52 51 49 47 43, NOT safe

83 80 80 78 76 74 67, NOT safe

47 45 44 42 38 36 35, NOT safe

20 17 16 12 10 13, NOT safe

98 97 94 90 89 88 86 86, NOT safe

75 72 68 66 62, NOT safe

71 70 67 63 60 53, NOT safe

45 43 42 39 37 36 31 30, NOT safe

25 24 21 20 15 16, NOT safe

96 94 92 90 88 83 82 82, NOT safe

74 72 69 64 63 59, NOT safe

89 88 82 79 77 70, NOT safe

97 99 96 93 92 91 88, SAFE

75 78 76 73 71 73, NOT safe

19 21 20 19 18 15 12 12, NOT safe

33 34 31 28 26 23 19, NOT safe

77 79 78 77 75 74 73 68, NOT safe

20 23 21 19 16 19 17 16, NOT safe

66 68 67 65 64 65 64 66, NOT safe

24 26 23 22 23 22 22, NOT safe

86 87 89 86 85 82 78, NOT safe

91 93 91 89 86 88 83, NOT safe

57 60 60 58 55 52, NOT safe

48 49 49 46 44 41 40 42, NOT safe

96 98 95 93 92 92 89 89, NOT safe

52 54 54 51 50 48 46 42, NOT safe

30 33 31 29 29 22, NOT safe

42 44 43 40 39 35 32 31, NOT safe

71 73 70 69 66 62 61 62, NOT safe

23 25 21 20 19 19, NOT safe

39 40 39 35 33 29, NOT safe

37 40 39 36 35 31 29 22, NOT safe

66 67 64 62 57 56, NOT safe

70 73 68 65 62 65, NOT safe

20 22 21 16 13 13, NOT safe

61 62 59 58 56 49 45, NOT safe

58 59 58 56 53 46 41, NOT safe

35 35 33 30 29 28, SAFE

41 41 38 37 34 33 35, NOT safe

26 26 23 21 19 17 16 16, NOT safe

76 76 74 71 69 66 64 60, NOT safe

99 99 97 96 93 92 89 84, NOT safe

42 42 40 39 37 34 36 35, NOT safe

78 78 76 77 76 75 76, NOT safe

64 64 63 64 64, NOT safe

43 43 42 45 43 40 36, NOT safe

28 28 27 24 25 24 22 17, NOT safe

55 55 54 54 52, NOT safe

88 88 88 86 87, NOT safe

76 76 75 75 74 74, NOT safe

75 75 74 74 70, NOT safe

47 47 47 45 40, NOT safe

78 78 75 73 72 68 66, NOT safe

58 58 56 53 50 47 43 44, NOT safe

93 93 91 88 84 82 81 81, NOT safe

50 50 49 48 44 41 37, NOT safe

87 87 86 84 80 79 74, NOT safe

64 64 63 58 56 55, NOT safe

85 85 84 79 82, NOT safe

91 91 89 82 79 76 76, NOT safe

75 75 74 67 66 62, NOT safe

73 73 70 67 64 63 57 51, NOT safe

99 95 92 89 86 84, SAFE

83 79 78 76 74 76, NOT safe

75 71 70 69 68 68, NOT safe

38 34 32 29 25, NOT safe

95 91 90 87 82, NOT safe

66 62 60 58 61 59, NOT safe

24 20 17 15 16 18, NOT safe

18 14 11 9 11 10 9 9, NOT safe

63 59 56 59 58 54, NOT safe

75 71 72 70 63, NOT safe

77 73 70 68 68 67, NOT safe

83 79 79 78 77 75 72 73, NOT safe

72 68 67 66 63 62 62 62, NOT safe

42 38 38 37 35 33 29, NOT safe

26 22 22 20 18 12, NOT safe

47 43 39 37 36 33 30 27, NOT safe

33 29 28 24 21 23, NOT safe

54 50 46 44 42 41 41, NOT safe

94 90 89 88 87 84 80 76, NOT safe

27 23 19 18 12, NOT safe

18 14 13 10 5 4 3, NOT safe

67 63 62 59 52 53, NOT safe

19 15 8 7 4 4, NOT safe

29 25 18 16 15 11, NOT safe

41 37 35 34 27 26 20, NOT safe

85 79 78 76 74, SAFE

98 93 90 88 91, NOT safe

19 12 11 10 8 6 5 5, NOT safe

29 24 23 21 19 17 16 12, NOT safe

77 70 69 68 62, NOT safe

49 43 46 45 42, SAFE

45 40 37 35 34 37 35 36, NOT safe

72 67 69 66 65 62 62, NOT safe

84 78 79 77 76 72, NOT safe

26 21 24 23 21 20 15, NOT safe

95 90 90 89 87 85 82, NOT safe

83 76 75 74 74 73 72 73, NOT safe

86 79 76 76 76, NOT safe

69 64 63 60 59 59 55, NOT safe

31 26 24 24 22 21 20 13, NOT safe

60 53 49 46 44, NOT safe

75 69 65 62 63, NOT safe

79 73 69 66 65 64 61 61, NOT safe

93 88 86 82 80 76, NOT safe

66 60 59 57 56 53 49 44, NOT safe

71 65 59 58 57, NOT safe

77 70 65 64 62 64, NOT safe

57 50 45 42 39 36 36, NOT safe

68 62 60 58 53 52 49 45, NOT safe

26 19 18 17 14 9 3, NOT safe

14 19 23 24 24, NOT safe

97 93 90 88 88 85, NOT safe

76 72 71 68 66 66 59, NOT safe

48 46 46 43 42 41 38 31, NOT safe

38 33 30 27 27 28, NOT safe

5 5 8 11 13 15 19 19, NOT safe

22 20 21 23 25 28 25 27, NOT safe

87 89 90 92 89 93, SAFE

37 31 29 31 30 30, NOT safe

19 18 19 22 22 23 26 28, NOT safe

19 17 20 21 22 26 26, NOT safe

30 34 38 41 42 49, NOT safe

16 19 16 13 9 7 6 6, NOT safe

24 25 27 34 35 41, NOT safe

84 82 81 83 81 77, NOT safe

37 36 37 38 40 47 46, NOT safe

51 55 58 59 61 62 63 61, NOT safe

30 27 28 31 32 36, NOT safe

36 33 30 30 27 25 28, NOT safe

35 35 32 26 23 20 18, NOT safe

32 32 30 29 26 23 23, NOT safe

36 42 44 49 52, NOT safe

46 48 49 48 48, NOT safe

13 13 14 14 15 15, NOT safe

59 55 52 54 54, NOT safe

33 26 23 23 22 22, NOT safe

11 14 11 10 7 7 7, NOT safe

10 16 19 21 25 28 34, NOT safe

24 24 26 27 28 27, NOT safe

20 19 20 21 24 26 26, NOT safe

31 24 21 18 11 9, NOT safe

20 19 21 23 23 23, NOT safe

61 64 65 67 69 69 71 75, NOT safe

36 42 45 47 51 50, NOT safe

77 76 79 85 86 89 92 93, NOT safe

90 92 89 87 84 84 82 80, NOT safe

57 57 60 64 68, NOT safe

57 57 60 61 64, SAFE

23 27 28 29 32 34 35 39, NOT safe

18 15 13 12 10 10 10, NOT safe

11 10 7 10 12 16, NOT safe

41 40 37 30 29 28, NOT safe

16 17 14 15 18, NOT safe

35 36 37 39 41 44 48, SAFE

26 29 27 29 23, NOT safe

8 8 10 17 20 21 25, NOT safe

54 58 59 61 64 65 65 64, NOT safe

84 84 82 81 77, NOT safe

21 21 18 17 16 15 15 15, NOT safe

22 26 25 26 29 33, NOT safe

60 56 53 54 52 51 53, NOT safe

36 41 44 47 45 45, NOT safe

86 84 81 74 71 73, NOT safe

88 84 82 83 80 77 76 75, NOT safe

88 81 78 74 72 69 68 64, NOT safe

87 86 84 83 86 81, SAFE

39 39 42 44 46 47 47, NOT safe

22 16 12 9 8 6 4 7, NOT safe

68 70 69 69 68 65 61, NOT safe

63 66 63 60 58 61, NOT safe

46 53 56 57 59 56 53, NOT safe

29 28 32 35 39, NOT safe

38 38 37 30 27 29, NOT safe

77 83 84 89 91 93 97, NOT safe

61 68 71 74 75 77 84 91, NOT safe

17 21 23 21 24 25 32, NOT safe

44 46 46 48 48, NOT safe

67 73 76 79 81 83 82, NOT safe

58 54 52 48 46 45 45, NOT safe

77 81 82 83 85 87 88, SAFE

81 85 87 94 99, NOT safe

61 62 60 55 52 50, NOT safe

67 72 75 78 76 78 82, NOT safe

69 74 74 77 79 82, NOT safe

66 70 72 71 72 73 70, NOT safe

99 92 87 85 79, NOT safe

45 42 40 37 35 32 25, SAFE

49 45 43 42 41 39 37 39, NOT safe

66 68 69 71 72 74 71, SAFE

41 38 36 33 29 26 25, NOT safe

66 66 64 60 57 59, NOT safe

21 15 15 14 7, NOT safe

62 69 72 73 70 77, NOT safe

29 32 30 30 27 28, NOT safe

48 51 50 49 46 49 45, NOT safe

74 77 76 75 71 65, NOT safe

37 44 46 49 52 52, NOT safe

73 77 80 83 87 88 90 92, NOT safe

51 49 47 48 51 52 52, NOT safe

53 53 54 55 59 60 62 61, NOT safe

47 47 45 44 42 36, NOT safe

45 46 48 46 48 51 50, NOT safe

65 68 65 63 62 58 57 58, NOT safe

29 28 22 19 17 16 12, NOT safe

34 33 32 32 28, NOT safe

25 26 25 26 26, NOT safe

64 63 65 69 71 70, NOT safe

80 79 77 74 71 71, SAFE

27 27 24 22 18 13, NOT safe

8 7 8 9 14, NOT safe

17 18 17 14 9 6 1, NOT safe

80 80 77 78 76 72, NOT safe

44 51 53 54 55 57 61, NOT safe

73 73 70 67 67 60, NOT safe

71 68 67 65 67, SAFE

43 38 35 32 31, SAFE

56 57 59 62 63 63, SAFE

8 8 10 13 16 20, NOT safe

82 82 89 91 98, NOT safe

45 44 42 41 39 36 33 29, SAFE

20 16 14 12 7 4 1, NOT safe

89 89 88 84 82 78, NOT safe

69 69 65 64 61 60 57, NOT safe

81 87 88 89 90, SAFE

57 57 54 51 49 46 49, NOT safe

92 92 88 85 85, NOT safe

80 78 74 73 69, NOT safe

53 46 45 42 41 39 42, NOT safe

46 46 52 53 56 58 58, NOT safe

42 46 47 49 53 55 55, NOT safe

12 19 22 24 26 27 27 33, NOT safe

84 80 78 78 78, NOT safe

17 16 19 25 27 27, NOT safe

78 85 85 86 87 91, NOT safe

10 7 8 5 4 1 1, NOT safe

65 68 69 71 75 78 83, NOT safe

40 46 48 54 57 58 61 61, NOT safe

49 45 44 42 42 45, NOT safe

70 66 63 60 62 55, NOT safe

75 75 78 79 80 81 78 82, NOT safe

25 32 29 30 31 33, NOT safe

67 68 71 69 72, SAFE

39 35 32 31 27 26 24 18, NOT safe

62 65 61 58 57 56 53 51, SAFE

96 96 94 94 92 90 92, NOT safe

28 30 27 25 22 19 16, SAFE

10 14 20 23 24 26 30, NOT safe

17 21 23 28 31 28, NOT safe

28 22 15 14 13 12 8, NOT safe

13 14 17 24 27 30 33 31, NOT safe

20 19 22 24 26 30 35, NOT safe

43 38 35 31 30, NOT safe

61 65 67 67 70 73 75 79, NOT safe

26 30 34 35 37 40 39, NOT safe

52 45 41 38 35 34 29, NOT safe

77 83 85 86 86 84, NOT safe

54 56 57 58 60 60 58, NOT safe

33 36 35 32 31 29 28 24, NOT safe

55 58 55 52 49 50 48, NOT safe

13 15 16 20 23 24 24, NOT safe

69 67 64 61 58 55 50 45, NOT safe

75 78 76 75 73 70 70, NOT safe

42 40 42 44 44 48, NOT safe

96 93 91 91 89 87 86, SAFE

94 94 95 94 92, NOT safe

62 59 56 55 51 52, SAFE

44 40 37 33 31 30 27 30, NOT safe

12 10 6 5 5, NOT safe

51 51 46 44 42 40 40, NOT safe

80 80 82 79 79, NOT safe

39 41 45 48 49 50, NOT safe

75 75 79 82 85 87 90 92, NOT safe

39 42 42 40 39 37 31, NOT safe

54 54 57 57 59 63, NOT safe

60 56 49 48 45 42 43, NOT safe

72 72 70 67 69 66 66, NOT safe

74 76 78 82 86, NOT safe

32 36 43 46 46, NOT safe

59 55 57 54 52 49 48 44, NOT safe

41 39 36 38 40, NOT safe

58 61 59 56 54 51 48 41, NOT safe

9 9 10 11 10 12 13, NOT safe

50 54 57 58 63, NOT safe

46 43 44 43 42, SAFE

5 3 10 12 16, NOT safe

39 39 42 48 49 51 52 54, NOT safe

26 30 32 34 34 35 37, NOT safe

70 70 63 61 57, NOT safe

52 56 63 64 66, NOT safe

18 21 23 28 29, NOT safe

23 19 17 12 11 11, NOT safe

55 55 55 53 51 48 46 45, NOT safe

80 77 78 79 83 86 87, NOT safe

63 57 55 53 46 45 44 44, NOT safe

97 92 92 90 89 85, NOT safe

52 57 60 61 64 69, NOT safe

3 3 6 6 8 13, NOT safe

13 19 20 21 23 23 25 25, NOT safe

51 55 57 60 62 61 64 64, NOT safe

70 72 71 68 67 64 59 59, NOT safe

82 76 73 71 70 70, NOT safe

65 69 72 74 74 74, NOT safe

68 68 67 67 65 61, NOT safe

66 63 61 59 57, SAFE

97 96 95 92 91 89 86, SAFE

53 52 49 48 47, SAFE

28 27 24 22 21 18, SAFE

29 30 33 34 36, SAFE

46 47 49 50 53 56, SAFE

71 69 67 66 65 62 59 58, SAFE

24 26 27 29 30, SAFE

8 11 14 17 18 20, SAFE

36 39 41 43 46 47 49 50, SAFE

59 57 56 54 53 50 47, SAFE

10 12 14 17 19 22 24 26, SAFE

31 33 35 38 40 43 45, SAFE

67 65 64 61 60 58 57 56, SAFE

47 45 42 41 38, SAFE

79 81 82 84 85, SAFE

19 17 16 13 12 11, SAFE

74 72 71 68 65, SAFE

12 14 16 18 21 23, SAFE

80 77 74 72 70 67, SAFE

70 67 64 63 62 60 59, SAFE

85 84 81 79 77, SAFE

22 19 18 16 15 12 11 8, SAFE

46 44 41 38 36 35, SAFE

64 62 59 56 54, SAFE

94 92 90 87 84, SAFE

74 77 78 81 83, SAFE

46 47 50 51 53 56 59 60, SAFE

99 96 93 90 87 86 83 80, SAFE

43 41 38 37 34 32 29, SAFE

35 36 37 39 40 41, SAFE

43 46 47 49 50 52, SAFE

63 62 59 57 54, SAFE

97 94 93 91 90 89 87 85, SAFE

65 68 70 72 75 78 79 80, SAFE

18 16 14 13 10 9 6 4, SAFE

27 24 22 20 19 18, SAFE

13 16 17 18 19 20 22, SAFE

74 76 77 78 81, SAFE

50 52 54 55 57 60, SAFE

97 96 94 91 89 87 85, SAFE

16 17 20 23 26 28 30, SAFE

99 97 94 91 90 88, SAFE

58 60 63 66 67 69 72, SAFE

21 19 17 14 12 9 6, SAFE

29 26 24 21 20 17, SAFE

50 47 46 45 43 41 40, SAFE

60 62 64 66 69 72 75 76, SAFE

55 57 60 63 66 67, SAFE

53 52 51 50 47 45 43, SAFE

57 60 62 63 64 65 68 70, SAFE

23 26 28 31 32 35 38, SAFE

76 79 80 83 86 89 91 92, SAFE

45 43 40 37 35 32 29, SAFE

45 42 41 39 38 37 35 34, SAFE

39 37 35 32 29 26 23 22, SAFE

11 10 7 4 2, SAFE

81 80 78 76 73, SAFE

57 59 61 62 65 68 71, SAFE

27 28 31 33 34 37 38 40, SAFE

57 58 60 61 64 67 69, SAFE

75 76 77 79 82 84, SAFE

97 94 92 89 86 84 82, SAFE

80 79 77 74 71 70 69 68, SAFE

19 22 24 25 26 29 32 33, SAFE

50 49 48 47 46 44 41, SAFE

46 47 50 52 54, SAFE

17 14 12 11 8 7, SAFE

11 8 7 5 2, SAFE

47 46 43 40 38 36, SAFE

8 10 12 13 15 18, SAFE

91 88 85 84 81 79 78, SAFE

76 75 72 71 68 67 65 63, SAFE

59 56 53 51 49 46, SAFE

1 4 7 9 11 12 15 18, SAFE

6 9 10 12 15 18, SAFE

18 15 14 13 12 11 8, SAFE

55 52 51 48 45, SAFE

15 17 20 23 25, SAFE

18 16 15 13 10 7, SAFE

40 43 45 47 48 51, SAFE

16 13 11 8 6 3, SAFE

53 50 48 46 45 43 40 39, SAFE

54 56 58 59 60, SAFE

57 60 63 64 65, SAFE

65 66 67 69 71 73, SAFE

72 69 66 64 63 60 57 55, SAFE

3 5 8 9 10, SAFE

38 36 35 33 31 28, SAFE

23 21 19 18 16 15 13 12, SAFE

87 84 81 78 76, SAFE

26 23 22 21 18, SAFE

38 36 33 31 28 26 23 21, SAFE

68 65 62 61 59 57, SAFE

38 35 32 29 26 23 21 19, SAFE

67 70 71 74 75, SAFE

6 8 10 13 15 16, SAFE

87 85 84 81 79 77, SAFE

83 86 87 89 91 94 96 99, SAFE

72 70 67 65 64 63, SAFE

53 55 57 59 62 64, SAFE

30 27 24 22 20 19 18, SAFE

50 53 54 57 58 60 61, SAFE

22 23 25 26 28 29 32, SAFE

53 55 58 60 61 62 65 68, SAFE

36 33 31 30 29, SAFE

48 46 45 42 40 38 35 34, SAFE

46 47 48 51 54 57 58 61, SAFE

49 50 51 53 55 56, SAFE

45 44 41 39 38 36 33 30, SAFE

71 74 77 78 81 82 85 88, SAFE

34 36 37 40 41 44 45 48, SAFE

88 85 84 81 79 76, SAFE

20 22 25 26 27 30 33 36, SAFE

44 45 47 50 52 55 56, SAFE

87 88 90 92 94 97, SAFE

42 43 46 47 48, SAFE

29 31 33 35 36 39 41, SAFE

28 29 32 35 38, SAFE

83 82 80 77 76 73 70, SAFE

79 77 75 72 70, SAFE

43 40 37 35 32 31 28, SAFE

32 33 34 35 36 39 41 42, SAFE

7 9 11 13 16, SAFE

41 38 35 32 30 28, SAFE

48 50 51 54 57, SAFE

80 82 84 87 90 93 94 95, SAFE

78 81 82 84 86 89 91 92, SAFE

46 44 42 40 38 35 33, SAFE

42 43 44 46 47, SAFE

19 20 23 25 27 30 32, SAFE

93 91 89 87 84, SAFE

2 5 8 11 12 13 14 17, SAFE

77 78 80 81 82 85 86 88, SAFE

44 42 40 37 34 33 31 30, SAFE

82 79 76 74 73, SAFE

36 33 30 28 26 24 21 19, SAFE

12 11 8 7 6 5, SAFE

96 94 93 90 89 88 86 84, SAFE

60 62 65 67 68 71 74, SAFE

35 37 40 42 44 46, SAFE

27 25 22 21 18, SAFE

50 51 52 53 56 59, SAFE

84 85 86 87 88 91 92, SAFE

79 80 83 85 88, SAFE

2 5 7 10 13 16 18, SAFE

88 85 84 81 79 78 77, SAFE

43 40 37 36 33 30 27 25, SAFE

49 48 45 44 42 41, SAFE

70 69 66 63 62 59 57 54, SAFE

63 62 61 60 59, SAFE

63 65 68 69 72 75 76, SAFE

50 51 52 55 56 57, SAFE

25 24 23 20 17 15 12, SAFE

50 48 46 45 43 41 39 36, SAFE

44 43 40 39 36 35, SAFE

25 27 29 31 33 35 36, SAFE

86 83 81 79 76 73 72 69, SAFE

69 67 64 62 61 59, SAFE

2 4 5 7 10, SAFE

53 50 47 46 43 40 39, SAFE

50 47 46 44 42, SAFE

87 85 83 80 77 74 72, SAFE

87 88 90 91 93 96 99, SAFE

52 49 47 46 44 42, SAFE

75 72 69 68 65 62 61 60, SAFE

48 49 52 55 58, SAFE

14 16 17 18 20 22 23 25, SAFE

81 78 77 74 71 69, SAFE

70 67 65 62 60, SAFE

38 40 43 44 47, SAFE

87 86 85 82 80 79, SAFE

82 81 80 79 76 73, SAFE

82 79 78 76 75 73 70 67, SAFE

63 62 60 58 57 55 54 52, SAFE

19 20 23 24 26 27 30 32, SAFE

36 34 33 30 29 26 24 23, SAFE

34 37 39 40 42 43, SAFE

82 81 78 75 73 72 71, SAFE

66 67 68 69 72 75 77 78, SAFE

39 41 44 45 46, SAFE

52 51 50 49 47 45, SAFE

75 72 71 70 68 66 63 60, SAFE

49 50 53 55 58 59 60 62, SAFE

69 71 73 74 75 77 78 80, SAFE

90 91 92 95 96 97 98, SAFE

58 59 61 62 65 66, SAFE

2 3 4 7 9 11 12 15, SAFE

32 31 28 27 25 22 20 18, SAFE

89 90 93 94 96 98, SAFE

35 32 31 30 27, SAFE

33 34 36 38 40 41 44 47, SAFE

11 13 16 19 22 23 26, SAFE

26 25 22 21 19 16 15, SAFE

66 63 61 60 57, SAFE

17 16 13 11 10, SAFE

54 53 51 50 48 47 44 41, SAFE

96 93 90 87 84 82, SAFE

16 15 12 10 8 7 6 3, SAFE

79 77 76 75 72, SAFE

64 61 60 57 54 52 50, SAFE

10 11 12 14 15 16 17 20, SAFE

90 93 94 96 97, SAFE

74 71 70 69 66 65 62 59, SAFE

9 10 13 15 16, SAFE

16 19 21 22 25 26, SAFE

48 51 52 55 56 57, SAFE

19 17 14 12 11 9 8, SAFE

88 87 86 84 83 82 80 77, SAFE

35 34 33 31 30, SAFE

21 18 16 14 13 10 9 6, SAFE

83 81 78 75 73 72, SAFE

47 48 51 52 55 57 58 59, SAFE

34 32 30 28 25, SAFE

49 46 44 41 40 39 36, SAFE

30 33 34 37 40 43 45, SAFE

48 45 42 41 38 35, SAFE

12 13 14 16 18, SAFE

41 40 37 35 33, SAFE

67 68 70 71 74 75, SAFE

29 30 33 36 37 38 39 42, SAFE

8 11 14 17 18 21, SAFE

33 30 28 27 25 23 20, SAFE

10 13 16 17 20 21 24, SAFE

34 33 31 30 28 26 25, SAFE

72 75 76 77 79 80 83 86, SAFE

83 84 86 88 91 92, SAFE

59 60 61 62 63 66, SAFE

79 78 76 74 71, SAFE

80 83 86 87 89 91 92 94, SAFE

30 31 34 35 38 40 43 45, SAFE

74 76 79 81 84 86 88, SAFE

52 55 56 58 59 60 62, SAFE

52 49 48 47 45 42 39, SAFE

14 13 11 8 6, SAFE

66 69 70 71 74 75, SAFE

84 87 88 90 92 94 96 98, SAFE

42 40 37 34 33 31 28 26, SAFE

39 41 43 45 46 49 51 54, SAFE

58 60 61 63 66 68 70 73, SAFE

82 81 80 79 77 76 75, SAFE

45 47 49 52 53 55 56 57, SAFE

58 55 53 50 47 44 41, SAFE

28 30 31 34 35 36 39 42, SAFE

24 23 22 19 17 16 13 12, SAFE

48 51 54 56 57, SAFE

65 66 67 70 73 74 77, SAFE

43 45 47 49 52 54 57 59, SAFE

12 15 17 19 22, SAFE

53 54 55 58 59 60 61 63, SAFE

29 26 25 24 21, SAFE

29 27 24 23 22 21, SAFE

63 64 65 66 67 70 73 76, SAFE

84 87 88 91 93, SAFE

46 47 50 53 56 58 60 62, SAFE

97 96 94 93 91, SAFE

65 67 68 69 71, SAFE

28 29 30 31 33, SAFE

85 87 88 91 94, SAFE

55 52 50 47 46 43, SAFE

62 63 65 67 69 70, SAFE

15 14 13 11 8 6 3, SAFE

82 84 87 90 92 94 96 99, SAFE

86 88 89 92 94 97, SAFE

8 10 11 13 14 17 20, SAFE

65 67 69 72 74 76, SAFE

27 24 23 22 21, SAFE

33 35 36 37 38 41, SAFE

56 58 60 61 64 66 67, SAFE

14 13 10 7 5, SAFE

90 87 85 82 79 77 75 74, SAFE

33 32 29 26 24 23 21 20, SAFE

92 93 95 97 98 99, SAFE

24 25 27 28 29 30 33 35, SAFE

84 87 88 89 92 94, SAFE

79 76 75 72 71 68, SAFE

63 66 68 69 72 74, SAFE

28 27 24 22 19 16 15, SAFE

31 34 37 39 41, SAFE

55 56 58 61 62 63 66 68, SAFE

76 74 71 68 65 64 61 59, SAFE

79 78 76 74 71 68, SAFE

70 71 74 77 78 80 83, SAFE

50 47 45 43 42, SAFE

33 32 31 28 26, SAFE

86 84 81 79 76 75 74 73, SAFE

16 18 19 21 23 24 26 27, SAFE

14 13 10 7 6 3, SAFE

27 26 23 21 18 15 14, SAFE

13 15 18 21 24, SAFE

20 17 16 15 14, SAFE

49 48 47 44 43 42 41 40, SAFE

45 46 49 52 53, SAFE

83 86 88 89 91 94, SAFE

17 15 14 11 8 5, SAFE

70 72 73 76 79, SAFE

77 76 74 71 70 67, SAFE

16 18 19 22 23, SAFE

34 31 30 27 25 24 21, SAFE

39 38 35 32 30, SAFE

67 68 71 74 76 78 81, SAFE

68 67 66 65 62 60 59 57, SAFE

43 44 46 49 50 53, SAFE

52 51 48 47 44 42, SAFE

68 69 72 75 76 79 80 81, SAFE

21 20 17 16 15, SAFE

24 21 20 17 15, SAFE

39 40 43 46 48 49, SAFE

44 41 40 38 35, SAFE

71 73 74 76 77 78 79 82, SAFE

16 19 20 21 23 25 26, SAFE

49 51 54 56 58 59 61 62, SAFE

35 38 40 42 45 48 50 52, SAFE

4 5 7 8 11 12, SAFE

92 89 88 87 85 82 80 77, SAFE

74 76 78 80 83 85, SAFE

16 13 12 9 8 5 4 2, SAFE

84 87 90 91 92 94 97, SAFE

35 38 41 44 47 49 52, SAFE

41 40 37 35 32 29, SAFE

54 57 60 61 64 65, SAFE

30 32 35 38 41 44 46 48, SAFE

73 71 70 67 66 63 60 59, SAFE

71 72 74 75 78 81, SAFE

85 88 89 92 95 97, SAFE

80 77 76 75 74 71 69 67, SAFE

11 12 13 15 18 20, SAFE

62 65 67 70 73 74 77, SAFE

60 61 64 65 66 67, SAFE

64 62 61 59 58 56 54 51, SAFE

47 49 51 53 56 59 62, SAFE

99 96 95 93 91 89 87, SAFE

42 44 46 47 49 52 53, SAFE

75 77 79 82 83 86 88 91, SAFE

22 24 25 28 30 32 33, SAFE

15 16 19 21 23 24, SAFE

67 68 71 74 75 76 77 79, SAFE

85 83 80 79 78 75, SAFE

53 56 59 62 64 66 68, SAFE

20 19 17 15 12, SAFE

84 85 87 89 91 92 93 96, SAFE

20 23 25 27 30, SAFE

72 75 78 80 82 85 87 89, SAFE

82 84 85 87 89 91, SAFE

83 84 85 88 91 93, SAFE

2 3 5 8 11 13 15, SAFE

89 86 84 82 79 76, SAFE

86 84 83 82 81, SAFE

55 56 58 61 62 65, SAFE

43 41 39 36 33 32, SAFE

36 39 40 43 46 47 49 51, SAFE

27 25 22 20 17 14 13, SAFE

52 51 50 48 45 42, SAFE

77 76 73 71 68, SAFE

41 44 47 48 49 50 51, SAFE

16 17 20 22 24 26 28 30, SAFE

56 53 50 48 47 45 44, SAFE

69 70 73 75 76 79 82 84, SAFE

95 92 89 87 85, SAFE

51 52 55 58 61, SAFE

31 30 27 26 23, SAFE

74 71 68 65 63, SAFE

63 62 61 58 55, SAFE

10 11 14 16 18 19 21, SAFE

79 82 83 85 87 89, SAFE

9 6 5 4 3, SAFE

87 86 85 83 81, SAFE

88 90 92 95 96 98, SAFE

27 29 32 35 38 39, SAFE

48 47 46 43 41, SAFE

73 75 78 79 80 83, SAFE

66 63 62 60 59 57 56 54, SAFE

27 28 31 32 34 35 36, SAFE

2 5 6 8 9 11 14 17, SAFE

68 67 64 62 61 59 57 54, SAFE

77 75 72 69 67, SAFE

14 15 17 18 21 23 24 26, SAFE

35 38 41 42 45 48, SAFE

87 86 85 82 81 79, SAFE

44 41 40 38 36 34, SAFE

36 34 33 30 28, SAFE

32 33 34 36 39, SAFE

45 44 41 39 37 34, SAFE

75 77 79 82 85 87 88, SAFE

50 53 54 56 58 60, SAFE

43 46 47 48 50 52, SAFE

46 45 44 41 38, SAFE

39 37 34 32 31 28 26 25, SAFE

96 94 93 90 88 85 82, SAFE

88 86 84 82 80 77 75, SAFE

68 66 63 62 61 58 56, SAFE

68 71 72 74 75 77, SAFE

57 58 59 61 62 64 66 67, SAFE

15 12 10 9 7, SAFE

39 36 35 34 32, SAFE

2 4 6 7 10, SAFE

54 53 51 48 46 44 41, SAFE

54 51 48 47 44, SAFE

17 16 15 14 12 10, SAFE

31 33 34 37 40 41, SAFE

79 81 84 85 88 90, SAFE

88 87 86 83 80, SAFE

11 12 15 16 18 21 24, SAFE

29 31 33 34 35 37 40, SAFE

41 42 45 47 50, SAFE

34 35 37 39 42 45, SAFE

70 71 72 75 78 79 81, SAFE

38 36 35 33 32 29, SAFE

9 10 12 14 16 18 21, SAFE

36 35 32 31 28 27 26 25, SAFE

74 76 79 82 83 84 85 86, SAFE

84 81 80 79 77 75 74 73, SAFE

77 76 75 74 71 69 68, SAFE

64 61 60 57 55, SAFE

97 95 93 90 89 87 85 84, SAFE

54 53 50 48 46 44 42 39, SAFE

23 24 27 30 31 32, SAFE

37 38 39 41 44 47, SAFE

96 93 91 90 89 86 84, SAFE

65 64 61 60 58 57 54 53, SAFE

25 28 30 33 36 37 40, SAFE

13 14 15 18 19 21 23, SAFE

35 32 31 28 26 25 24 23, SAFE

45 44 41 39 36, SAFE

89 87 85 82 80, SAFE

33 34 36 37 39, SAFE

13 16 18 20 21 24 27 28, SAFE

93 90 87 86 83 81, SAFE

7 9 11 12 13 15 17, SAFE

23 22 20 18 15, SAFE

35 36 37 38 39 40 43, SAFE

30 32 33 35 38 40, SAFE

83 84 87 88 90 91 94 97, SAFE

46 45 42 39 36 33 31, SAFE

62 59 56 55 52 51 48, SAFE

46 44 42 41 39 37 34, SAFE

19 17 16 13 12 11 8 7, SAFE

81 79 78 77 76 73, SAFE

95 92 91 88 86 84 82, SAFE

80 81 84 86 88 90 91, SAFE

27 30 32 35 37 40 41, SAFE

40 38 36 33 32, SAFE

70 73 76 79 81 83 84 85, SAFE

34 35 38 39 41, SAFE

25 22 20 19 18 17, SAFE

64 65 68 71 72 74, SAFE

27 28 29 30 33 36 39 40, SAFE

77 74 71 68 66, SAFE

73 75 78 80 83, SAFE

35 36 38 39 42 45, SAFE

9 11 13 15 16 18 20 21, SAFE

73 70 67 65 64 61 60, SAFE

62 60 58 56 55 52, SAFE

79 77 76 73 72, SAFE

42 41 38 36 33, SAFE

75 73 72 71 70, SAFE

39 41 44 47 48 50, SAFE

44 46 48 50 53, SAFE

52 55 56 59 62 65, SAFE

63 65 67 70 72 74, SAFE

30 31 33 36 39 42 44, SAFE

34 33 30 28 27, SAFE

19 17 15 13 11 8, SAFE

33 36 37 40 41 44 47 48, SAFE

56 55 54 53 50, SAFE

61 63 66 69 72 75 76, SAFE

68 71 73 76 79 81 83, SAFE

22 19 18 16 15 12 11, SAFE

17 20 23 25 28, SAFE

50 47 44 41 38 37, SAFE

78 81 82 83 85 88 91, SAFE

21 22 25 28 30 32, SAFE

80 79 78 76 73 70, SAFE

63 60 59 57 54 51 48 45, SAFE

72 73 75 76 79 82, SAFE

18 21 24 26 29, SAFE

56 54 52 51 48 45 44, SAFE

37 36 34 32 29 28 25 23, SAFE

29 32 34 35 37 40 42, SAFE

31 29 28 27 26, SAFE

62 64 67 68 71 73, SAFE

16 15 12 10 7, SAFE

87 86 85 82 80 79 77 76, SAFE

78 76 73 70 69, SAFE

70 73 74 76 79 82 85, SAFE

18 21 23 26 29 30 32 33, SAFE

53 51 49 48 47 46 44, SAFE

61 62 65 68 69 72 74 76, SAFE

18 17 15 13 11, SAFE

78 80 83 84 86 89 92, SAFE

57 59 61 62 64 65 68 71, SAFE

85 86 88 91 92, SAFE

77 76 75 73 72, SAFE

58 57 56 54 52, SAFE

36 37 38 40 42 45 47, SAFE

65 66 68 71 73 75 78 80, SAFE

10 13 16 19 20 23 25 28, SAFE

81 80 79 78 75 73 70, SAFE

50 48 47 44 41 39 37, SAFE

26 23 22 20 18 16 14, SAFE

58 57 54 53 51 50, SAFE

35 34 31 28 26 24 21, SAFE

73 74 77 79 82 84 85 88, SAFE

15 14 12 10 9 8 5, SAFE

85 88 90 93 96, SAFE

74 76 79 82 84 87, SAFE

24 21 19 18 15 12 9, SAFE

41 42 44 45 48, SAFE

95 92 89 86 84, SAFE

7 9 12 14 16 18 21 24, SAFE

4 7 8 11 14 15, SAFE

32 29 28 25 23 20 18, SAFE

15 13 12 11 8 6 5, SAFE

41 38 36 34 33 30 28 27, SAFE

98 97 96 95 93 90 88, SAFE

89 86 83 82 81, SAFE

72 71 69 68 67, SAFE

45 43 41 39 37 34 31, SAFE

54 57 58 59 61 64, SAFE

85 88 90 92 93 94 97, SAFE

85 87 88 89 90, SAFE

55 57 60 63 64, SAFE

45 46 48 51 52 54 57 59, SAFE

34 31 30 27 25 22 20 19, SAFE

83 82 81 80 78 76 73, SAFE

73 71 69 68 66 65 63, SAFE

53 56 57 59 62 65 66, SAFE

84 87 90 93 96, SAFE

20 21 24 26 28 30 32 34, SAFE

49 51 53 54 56 57 60 62, SAFE

75 77 78 80 81 84, SAFE

46 49 52 54 56 57 60 63, SAFE

69 70 71 73 74 76, SAFE

27 24 22 19 16 15, SAFE

29 32 35 37 38 39 41, SAFE

53 56 59 62 65, SAFE

48 47 44 41 40 39, SAFE

40 41 43 45 46 49 50 52, SAFE

86 87 90 92 93 96, SAFE

55 56 59 61 64 67 68, SAFE

72 74 77 78 81 84 87, SAFE

25 23 22 20 19 18, SAFE

2 3 6 9 12 15 17, SAFE

86 88 90 91 93, SAFE

66 65 63 60 58 57 56 53, SAFE

62 59 56 53 51 49 48, SAFE

42 41 39 38 37 36 35, SAFE

23 26 27 29 32 35, SAFE

2 5 6 8 11 13, SAFE

27 26 23 20 17 14, SAFE

17 16 15 12 9 8, SAFE

40 37 36 33 30, SAFE

79 81 82 84 86, SAFE

44 46 49 52 53 54 57 59, SAFE

20 22 25 28 30 32 35 36, SAFE

45 48 51 52 53 55, SAFE

89 88 87 86 83 82, SAFE

11 14 16 17 19 21, SAFE

61 64 66 67 70 72 75 78, SAFE

